Length Total Unique Multiple
0       1       1       0
1       2       2       0
2       4       4       0
3       8       8       0
4       16      16      0
5       20      20      0
6       39      38      1
7       62      58      4
8       116     104     12
9       152     140     12
10      286     260     26
11      396     346     50
12      748     656     92
13      1024    866     158
14      1893    1578    315
15      2512    1996    516
16      4485    3432    1053
17      5638    4056    1582
18      9529    6458    3071
19      10878   6718    4160
20      16993   9756    7237
21      17110   8734    8376
22      23952   10896   13056
23      20224   7400    12824
24      24047   7502    16545
25      15578   3578    12000
26      14560   2562    11998
27      6274    646     5628
28      3910    196     3714
29      760     6       754
30      221     0       221
31      2       0       2